w=1.5 r=0.5 E=0.305 r50=0.81 pico rho=3.0 dSmax=0.0736
   dS: [0.0, 0.0361, 0.069, 0.0661, 0.0672, 0.0736, 0.0564, 0.0289, 0.0121, 0.0038, 0.0007, 0.0002, 0.0, 0.0, 0.0, 0.0, 0.0, 0.0, 0.0, 0.0, 0.0, 0.0, -0.0, -0.0, 0.0, 0.0, -0.0, -0.0, 0.0, 0.0, 0.0, -0.0]
w=1.5 r=1.0 E=1.589 r50=0.81 pico rho=1.5 dSmax=0.2966
   dS: [0.0, 0.1442, 0.2966, 0.2639, 0.2508, 0.2452, 0.1862, 0.0956, 0.0402, 0.0123, 0.0023, 0.0005, 0.0001, 0.0, 0.0, 0.0, 0.0, 0.0, 0.0, 0.0, 0.0, 0.0, 0.0, -0.0, 0.0, -0.0, 0.0, 0.0, 0.0, -0.0, 0.0, -0.0]
w=2.0 r=0.5 E=0.235 r50=1.00 pico rho=4.0 dSmax=0.0754
   dS: [0.0, 0.0118, 0.0375, 0.0725, 0.0668, 0.0609, 0.0705, 0.0754, 0.0636, 0.0451, 0.0229, 0.0116, 0.0044, 0.0017, 0.0006, 0.0002, 0.0001, 0.0, 0.0, 0.0, 0.0, 0.0, 0.0, 0.0, 0.0, 0.0, 0.0, 0.0, 0.0, -0.0, 0.0, -0.0]
w=2.0 r=1.0 E=1.225 r50=1.00 pico rho=2.0 dSmax=0.3352
   dS: [0.0, 0.0505, 0.1755, 0.3352, 0.3034, 0.2464, 0.2553, 0.2518, 0.209, 0.1486, 0.0766, 0.039, 0.0146, 0.0055, 0.0017, 0.0005, 0.0001, 0.0, 0.0, 0.0, 0.0, 0.0, 0.0, 0.0, 0.0, 0.0, 0.0, 0.0, 0.0, 0.0, 0.0, -0.0]
w=3.0 r=0.5 E=0.160 r50=1.47 pico rho=6.0 dSmax=0.0731
   dS: [0.0, 0.0018, 0.0065, 0.0264, 0.0439, 0.0577, 0.0576, 0.0488, 0.0514, 0.0601, 0.0714, 0.0731, 0.0671, 0.0563, 0.0427, 0.0292, 0.0191, 0.0108, 0.0064, 0.0032, 0.0017, 0.0008, 0.0004, 0.0002, 0.0001, 0.0, 0.0, 0.0, 0.0, 0.0, 0.0, 0.0]
w=3.0 r=1.0 E=0.833 r50=1.58 pico rho=3.0 dSmax=0.3300
   dS: [0.0, 0.0083, 0.042, 0.1632, 0.2515, 0.33, 0.3234, 0.2667, 0.2409, 0.2416, 0.2527, 0.2472, 0.2219, 0.1861, 0.1423, 0.0985, 0.0651, 0.0368, 0.0217, 0.0107, 0.0055, 0.0026, 0.0011, 0.0005, 0.0002, 0.0001, 0.0, 0.0, 0.0, 0.0, 0.0, 0.0]
w=4.0 r=0.5 E=0.121 r50=1.91 pico rho=8.0 dSmax=0.0678
   dS: [0.0, 0.0004, 0.0009, 0.0048, 0.012, 0.0265, 0.0392, 0.0461, 0.047, 0.0408, 0.0373, 0.0408, 0.05, 0.0588, 0.0656, 0.0678, 0.0654, 0.0583, 0.0504, 0.0401, 0.0312, 0.0229, 0.0156, 0.0107, 0.0066, 0.0042, 0.0024, 0.0015, 0.0008, 0.0004, 0.0002, 0.0001]
w=4.0 r=1.0 E=0.630 r50=1.98 pico rho=4.5 dSmax=0.3253
   dS: [0.0, 0.002, 0.0114, 0.0582, 0.1094, 0.2091, 0.2794, 0.3228, 0.3253, 0.2901, 0.2435, 0.2248, 0.2247, 0.2332, 0.2393, 0.2352, 0.2218, 0.1959, 0.1696, 0.1358, 0.1067, 0.0787, 0.054, 0.0372, 0.0229, 0.0142, 0.0082, 0.0048, 0.0027, 0.0014, 0.0007, 0.0004]
